ch0 ch8 ch1 ch9 ch2 ch10 ch3 ch11 ch4 ch12 ch5 ch13 ch6 ch14 ch7 ch15 time
400 123 391 107 120 106 122 132 114 110 92 90 85 64 99 120 285.296
413 123 425 107 121 105 122 133 113 109 93 91 84 64 99 120 285.658
377 122 416 107 119 105 121 132 113 108 92 90 85 63 99 120 656.431
389 122 403 107 119 105 121 131 114 109 91 90 85 63 99 119 799.694
393 122 400 107 119 105 121 132 114 109 91 90 85 63 99 120 1177.42
397 122 420 107 120 104 121 131 114 109 91 89 85 63 98 120 1541.32
396 123 423 107 119 105 122 131 114 109 92 90 84 63 99 120 1541.67
402 122 415 107 118 106 121 132 114 109 93 90 85 64 99 120 1542.02
404 122 414 107 119 105 121 131 113 109 91 90 85 63 99 119 1543.53
389 122 414 107 119 104 121 132 114 108 91 90 84 63 99 120 1918.92
406 122 422 107 119 105 121 131 113 109 91 90 85 64 99 120 1920.28
392 122 428 107 120 105 121 132 114 109 92 91 85 64 100 121 2048.81
395 122 434 107 119 104 122 131 114 109 92 90 84 63 99 120 2049.16
410 122 418 107 119 104 121 132 114 109 92 90 85 63 99 120 2065.05
417 122 402 107 118 104 120 131 113 108 91 90 84 62 98 120 2364.8
725 171 831 153 167 150 167 178 162 158 139 139 134 112 148 167 2370.54
393 122 413 107 119 105 122 132 114 109 91 90 85 64 99 120 2377.16
410 122 426 106 118 104 121 131 113 108 91 90 84 63 98 119 2830.47
387 122 424 106 119 105 121 131 113 108 92 90 85 63 99 120 3096.29
401 122 434 106 119 104 121 132 114 109 92 90 85 63 99 119 3314.19
415 122 433 107 122 105 123 133 114 109 93 90 85 64 99 120 3314.54
369 122 406 107 119 105 121 132 114 109 92 90 85 63 99 120 3377.2
407 122 433 106 119 104 121 131 113 108 91 89 85 63 98 119 3451.2
366 122 432 107 119 105 121 132 114 108 92 91 85 63 100 119 3836.56
404 122 429 106 118 104 120 131 113 109 92 90 85 62 98 119 4208.7
411 122 420 107 119 105 121 132 113 108 92 90 85 64 99 119 4222.93
408 122 433 107 119 106 121 132 114 109 92 90 85 63 99 120 4223.21
403 122 425 107 119 104 121 131 114 109 91 90 85 64 98 119 4481.47
389 122 422 108 120 105 121 132 113 109 92 91 85 63 99 120 4556.2
406 122 421 106 117 103 120 131 112 108 90 89 84 62 98 118 4802.58
414 124 448 108 121 105 123 133 114 110 91 91 87 64 101 120 4802.93
384 122 402 107 119 104 121 132 114 109 91 90 85 63 98 119 5011.36
388 122 432 108 120 106 122 132 114 110 92 91 85 64 100 121 5698.89
408 122 415 107 119 105 121 132 113 109 91 90 85 63 99 120 5884.75
397 122 395 106 119 104 121 131 113 108 91 90 85 63 98 119 6208.61
379 123 434 107 119 105 121 132 114 109 91 90 84 63 99 120 6526.23
396 122 407 108 119 105 122 132 114 109 92 90 84 64 99 120 6894.76
402 123 445 109 121 105 122 133 115 110 91 91 87 65 101 120 6895.11
397 122 398 107 119 105 121 131 113 109 91 90 85 63 99 120 7105.27
408 122 419 106 119 105 121 131 113 108 92 91 84 63 99 120 7149.24
430 121 432 106 118 103 121 131 113 108 91 89 84 61 98 118 7149.59
399 122 420 107 119 105 121 131 113 108 91 90 85 63 99 120 7454.61
386 120 425 105 117 103 120 130 112 107 90 89 82 61 97 118 7454.96
407 122 430 107 119 105 121 132 113 109 91 90 84 63 98 120 7804.12
399 124 446 108 121 105 123 133 115 111 95 91 86 64 101 121 7804.28
401 122 419 107 119 105 121 131 114 109 92 91 85 63 98 120 8039.75
422 122 427 106 119 104 121 132 113 108 91 90 85 63 98 120 8215.77
399 122 431 107 120 104 121 132 113 109 92 90 85 64 99 119 9145.38
383 123 427 108 119 105 122 133 114 109 92 91 85 64 100 120 9606.15
410 122 443 107 119 104 120 131 114 109 92 90 84 63 99 120 9646.67
416 123 426 107 120 106 121 132 114 109 92 91 85 64 99 120 9798.14
409 122 435 107 119 104 121 132 113 108 92 90 85 63 99 120 9848.51
390 121 417 106 118 104 120 131 113 108 91 90 84 63 97 119 9856
400 122 403 107 119 104 121 132 112 108 91 90 84 63 98 119 9939.89
425 121 448 106 119 104 121 131 113 108 93 89 84 62 98 119 9940.18
413 122 414 106 119 105 121 132 113 108 91 90 85 63 99 120 10010.9
411 123 417 108 121 106 124 133 114 109 91 91 86 64 100 120 10011.3
425 122 424 107 119 105 121 132 114 109 91 90 85 64 99 120 10159.2
400 122 418 107 119 105 121 132 114 109 92 90 85 64 99 120 10356.2
401 121 427 105 118 103 119 130 111 108 91 90 83 63 98 120 10356.5
370 122 424 107 119 104 121 132 113 109 91 90 85 64 99 120 10381
410 121 420 107 118 104 121 131 113 108 91 90 85 63 98 119 10588.4
393 121 432 107 119 105 121 131 113 109 91 90 85 64 98 119 10698.3
408 123 426 107 119 105 121 132 114 109 92 90 85 64 99 120 11304.8
383 122 389 107 119 105 121 131 113 109 91 90 85 63 99 120 11437.3
409 122 427 107 119 104 121 132 114 109 92 90 85 63 99 120 11726
390 122 412 107 119 104 121 132 114 109 92 90 85 64 99 119 11982.8
369 122 411 106 118 105 120 131 113 108 91 90 84 63 98 119 12458.3
374 122 402 107 118 104 121 132 113 109 91 90 84 64 99 119 12686.5
394 122 409 106 118 104 121 132 113 108 92 90 85 63 98 120 12805.4
404 122 434 107 119 105 121 132 114 109 92 90 85 63 99 120 12842.3
409 122 421 107 120 105 121 131 114 109 93 91 85 64 99 120 12842.7
390 122 404 107 120 104 121 132 114 109 92 90 86 64 99 120 12877.2
424 122 438 107 119 105 121 132 114 109 91 91 86 63 99 120 13301.7
421 124 431 107 121 105 122 133 114 110 91 91 85 64 100 120 13302.1
402 122 422 106 119 105 121 131 113 109 91 90 84 63 99 119 13400.7
403 122 415 107 119 104 121 132 113 108 91 90 84 63 99 120 13598.8
412 123 418 107 120 105 122 132 113 109 92 91 86 63 99 120 13599.2
379 122 401 107 119 104 120 132 113 108 91 90 84 64 99 119 13703.5
402 123 443 109 121 105 122 133 114 110 91 91 85 64 100 120 13703.8
407 122 423 107 119 104 120 131 113 109 92 90 84 63 99 120 13883.2
371 122 409 107 119 105 121 132 113 109 91 90 84 63 98 120 14113.5
399 123 419 107 119 105 120 131 113 109 92 90 84 63 99 120 14233.3
395 122 409 107 119 104 121 132 113 109 91 90 84 63 98 119 14657.5
394 121 420 106 119 104 120 130 113 108 91 90 84 63 98 119 14659.7
409 122 419 107 119 104 121 131 113 109 91 90 84 63 99 120 14699.7
404 121 429 105 118 103 119 130 112 107 90 89 82 62 97 118 14700.1
404 121 422 107 119 104 120 131 113 109 91 90 84 63 99 119 15422.3
398 123 410 106 119 105 121 132 113 108 91 90 84 63 99 120 16320.2
397 122 419 107 119 105 120 131 113 109 91 90 84 63 98 120 16581.9
378 122 387 107 119 105 121 132 114 109 92 90 85 64 99 120 17046.3
409 122 424 106 119 104 121 131 114 109 91 90 85 64 99 120 18192
403 122 420 107 119 105 121 132 113 109 91 90 85 64 98 120 18372.3
388 122 406 107 119 105 121 131 113 109 92 91 84 63 99 120 18490.9
413 122 430 107 119 105 121 131 114 108 92 90 84 63 99 119 18523
427 122 439 106 119 104 121 132 112 108 92 89 85 63 98 119 18523.4
397 122 443 106 119 105 121 131 114 109 91 90 85 63 99 120 18587.5
405 122 397 107 119 105 121 132 114 109 91 90 85 63 98 120 18616.9
392 122 413 107 119 105 121 131 113 109 92 90 85 63 99 119 18913.1
385 122 394 106 119 104 121 131 113 108 91 90 84 63 99 120 19561.6
448 122 453 106 119 105 120 132 113 108 91 90 85 63 98 119 20033.8
405 121 418 105 117 102 120 130 112 107 90 89 83 62 97 118 20034.2
436 123 461 108 120 105 122 133 114 109 92 90 85 63 99 120 20034.6
360 123 386 106 119 105 121 132 113 109 91 90 84 63 99 119 20121.4
427 122 426 107 119 105 120 132 114 109 92 90 85 64 99 120 20577.9
387 122 416 107 119 104 121 131 114 109 92 90 84 63 99 120 21216.5
418 122 440 106 119 104 121 131 113 109 92 90 84 63 98 120 21333.4
415 122 445 107 119 105 121 132 114 109 92 90 85 64 99 121 21640.2
409 123 431 107 119 105 122 133 113 109 91 91 85 64 99 120 21652.9
399 122 406 107 119 105 121 132 114 109 92 90 85 64 99 120 21659.1
404 122 416 108 118 105 121 131 113 109 91 90 84 63 99 120 21976.3
398 122 418 107 119 104 121 132 114 109 91 91 84 63 99 119 22545.8
399 122 416 107 119 105 121 132 114 109 92 90 84 63 98 120 22777.4
400 122 419 107 119 104 121 132 113 109 91 90 84 63 98 119 22820.9
374 122 407 107 119 105 120 132 113 109 91 90 84 63 99 119 23265.2
395 123 393 107 119 105 121 132 114 109 91 91 85 64 99 121 24299.6
427 122 442 107 120 104 121 132 114 109 92 90 84 64 99 120 24300
403 123 397 107 119 105 120 132 113 109 91 90 84 63 98 120 24640.2
398 122 394 107 119 105 121 131 114 109 92 90 85 63 98 120 24684.4
408 123 430 107 119 104 122 132 113 109 91 90 84 63 99 119 24684.6
393 122 427 107 118 104 120 131 113 109 91 90 84 62 98 120 24896.2
388 123 425 107 119 105 121 132 114 108 91 90 85 63 99 119 25011.7
402 122 410 107 119 104 121 132 113 109 92 90 84 63 98 119 25103.7
407 121 422 106 119 104 121 131 113 108 90 89 84 63 98 119 25104.1
406 122 438 107 119 105 121 132 114 109 91 90 85 63 99 120 25192.9
407 122 435 107 119 105 121 132 113 109 92 90 85 64 99 120 25589.9
399 122 417 107 119 105 121 132 113 109 92 90 84 64 99 120 25824.2
400 122 408 107 118 105 121 131 113 109 91 90 84 63 99 120 26113.6
393 122 404 107 118 104 121 132 113 109 91 90 84 62 98 119 26321.7
409 123 431 108 119 105 121 132 114 109 92 90 85 64 99 120 26484.5
390 122 441 107 120 105 121 132 114 109 92 91 85 63 98 120 26590.6
390 123 380 107 119 105 122 132 114 109 92 91 85 64 99 120 26812.7
403 124 415 108 121 106 123 134 115 110 90 92 87 64 100 121 26813.1
417 122 435 107 119 105 120 132 113 109 91 90 85 63 98 119 26917.9
406 123 417 107 119 105 121 132 113 109 92 90 85 63 99 120 27544.6
403 122 425 107 121 105 121 132 112 109 92 90 84 63 99 120 27545
410 123 423 107 118 105 121 132 115 108 89 91 84 63 99 120 27545.4
398 122 419 107 119 104 121 132 113 108 91 90 85 63 99 120 27556.5
401 122 422 107 119 105 121 131 113 109 92 90 84 64 99 120 28500.7
404 122 410 106 118 104 120 132 113 109 92 89 84 63 99 119 28517.1
419 123 437 107 119 105 121 132 114 109 92 91 85 63 99 120 29069.4
389 122 415 107 118 105 121 131 114 109 92 91 84 63 98 121 29083.2
390 122 407 106 119 104 120 131 113 109 91 90 84 63 99 120 29085.3
423 122 423 107 119 105 121 132 114 108 91 90 84 63 99 120 29277.8
406 121 422 107 119 105 121 132 113 109 91 90 85 63 99 120 29630.3
423 121 451 106 119 104 121 131 113 108 91 89 83 62 98 119 29630.7
390 122 417 107 118 104 121 131 114 109 92 90 85 63 99 119 29643.8
407 122 417 107 119 105 121 132 113 109 92 90 85 63 98 120 30065.3
404 122 403 108 119 105 121 132 113 109 91 90 84 63 99 120 30257.5
417 122 427 107 119 105 121 132 114 109 92 90 85 63 99 120 30501.1
418 124 421 108 120 105 123 134 114 110 92 91 87 64 99 120 30501.5
429 123 449 108 120 105 122 132 115 110 92 91 85 64 100 120 30501.9
405 122 431 107 119 105 121 132 114 109 91 90 85 63 99 119 30535.5
400 123 402 107 120 105 121 132 114 109 92 91 85 64 100 121 30565.2
400 122 420 107 119 104 121 131 113 109 91 90 84 64 98 120 30826.9
379 122 402 107 119 105 121 132 113 109 92 90 85 64 99 120 30915.1
387 122 403 107 119 105 120 132 113 108 91 90 85 63 99 118 30973
385 122 413 107 119 105 121 132 114 109 92 91 85 63 99 120 31160.1
388 122 428 107 120 106 121 133 114 110 92 90 85 64 100 120 31166.7
402 123 436 107 119 105 121 132 114 109 91 90 85 64 99 120 31466.9
390 122 407 107 119 105 121 132 114 109 92 90 85 64 99 120 31719.2
413 123 441 107 119 105 121 132 114 109 92 91 84 64 99 120 31974
414 123 443 107 119 105 122 132 114 109 92 91 85 64 99 120 32050.8
405 121 450 106 118 103 121 131 114 107 91 89 85 62 98 119 32051.1
390 123 406 107 120 105 121 132 113 109 92 90 85 63 99 120 32395.9
405 122 431 107 119 104 121 131 113 109 91 90 84 63 99 119 32396.3
384 123 416 106 118 105 121 132 113 109 91 90 84 63 99 119 32931.5
411 122 439 106 119 105 120 132 113 109 92 90 85 64 99 120 33155.8
408 123 420 107 119 106 122 132 114 109 92 91 86 64 99 121 33258.4
359 122 403 107 118 104 121 132 113 109 91 90 84 64 98 120 33633.7
382 123 414 107 119 105 121 132 113 109 92 91 85 64 99 120 33710.8
403 123 401 107 119 105 121 132 114 109 92 90 85 63 99 120 33906.6
398 123 411 107 119 105 121 132 113 109 92 91 85 64 99 120 34116.6
407 122 423 106 119 104 120 131 113 108 91 90 84 63 97 120 34644.5
398 123 421 108 120 105 121 132 114 110 91 91 85 64 99 121 34859.1
386 122 392 107 118 105 121 132 113 108 91 90 85 64 99 119 35487.6
402 123 422 107 119 105 121 132 114 109 92 90 85 63 99 120 35681.1
404 123 403 107 119 104 121 132 113 109 92 90 85 63 99 119 35697.5
379 121 434 107 119 104 121 132 113 109 91 90 85 64 98 120 36157.9
397 122 428 107 119 105 121 131 113 109 92 91 85 63 99 121 36444.6
417 122 457 108 121 105 122 132 111 109 92 91 85 64 99 120 36445
403 122 426 107 119 104 121 132 113 109 92 90 84 64 99 120 36588.5
404 123 420 107 119 105 120 132 114 109 91 91 85 63 99 120 36604.5
405 122 433 108 119 105 121 132 113 109 91 90 84 63 99 121 36782.7
394 123 383 108 118 105 121 131 113 109 91 90 84 63 98 120 36852
398 123 415 108 119 105 121 133 114 110 92 91 85 64 99 120 37135.9
390 123 428 107 120 105 121 132 114 109 92 90 85 64 99 120 37170
581 144 603 127 140 125 141 152 135 131 111 111 106 84 120 141 37259
398 123 436 107 119 105 121 133 113 109 91 91 85 64 100 121 37756.7
392 122 399 107 120 105 120 131 114 109 91 90 84 63 99 120 37800.4
397 123 422 108 120 105 122 132 114 110 92 91 85 64 100 120 38225
404 123 453 108 119 104 121 133 114 109 92 90 86 64 99 120 38225.4
393 123 411 107 119 105 121 132 113 109 91 91 85 64 99 120 38250.2
405 122 421 107 119 105 121 132 113 109 92 91 85 63 99 121 38453.2
380 122 383 107 118 104 120 132 113 109 91 90 84 64 99 120 38478.3
402 122 417 107 119 105 122 132 114 109 92 90 85 63 99 120 38634.9
415 123 424 108 118 105 121 132 114 109 92 90 85 63 99 120 38635.2
420 122 433 108 119 104 121 132 114 109 91 90 85 64 99 120 38881.4
391 122 397 107 119 104 121 132 113 109 92 90 85 64 98 119 39136.4
395 123 419 108 120 106 121 133 113 110 91 91 85 64 99 120 39136.8
396 123 422 107 120 105 121 132 114 109 91 91 85 64 99 120 39240.4
405 123 405 107 119 105 121 132 113 109 92 91 85 64 99 121 39437
402 122 431 107 119 105 120 132 114 109 92 91 85 64 99 120 39583.9
405 122 439 107 119 104 120 133 113 108 91 90 84 64 98 120 39584.3
407 123 416 107 119 105 121 132 114 109 91 91 84 64 99 120 39789.8
381 122 389 106 118 104 121 132 113 109 91 90 84 64 98 120 40003.4
389 122 409 107 119 104 121 132 113 108 91 90 85 63 98 120 40114.4
379 122 422 107 118 106 122 131 114 109 92 90 84 63 99 119 40114.8
394 123 403 107 120 105 121 132 114 109 92 91 85 63 99 120 40460.2
385 122 429 107 120 105 120 132 114 110 92 91 84 63 98 120 40546.2
399 123 404 107 120 105 121 132 113 109 92 91 85 64 99 120 40614.7
419 122 411 107 119 105 121 132 114 109 92 90 84 64 99 120 40638
392 123 402 107 119 105 121 132 113 109 91 90 84 64 98 120 40700.4
419 125 441 109 121 106 122 134 116 110 89 91 87 65 101 121 40700.7
375 123 399 107 119 106 122 133 114 109 92 91 86 64 99 121 41186.3
415 125 437 108 121 106 123 133 114 111 92 92 86 64 100 121 41186.7
396 122 419 107 119 105 121 132 113 109 91 90 84 64 99 120 42082.7
378 122 419 107 118 104 120 132 113 109 91 90 85 64 99 120 42587.3
410 123 433 107 119 105 121 132 114 109 91 90 85 64 99 120 42803.5
379 122 409 107 119 106 121 132 113 109 91 90 85 64 99 120 43429.3
381 123 398 108 119 106 122 133 114 110 92 91 85 64 99 120 44157.4
411 122 443 107 120 105 121 132 114 109 92 90 85 64 99 120 45189.6
392 123 429 108 120 105 122 132 115 109 93 91 86 64 99 120 45224.3
410 122 441 107 119 104 121 131 114 108 91 90 84 63 99 119 45764
380 121 410 106 119 105 121 131 113 109 91 90 84 63 98 120 45777.8
416 124 445 107 121 106 122 133 115 110 92 91 86 64 101 120 45778.2
396 123 412 107 120 105 122 132 114 110 92 91 86 64 100 120 45793.4
424 122 414 106 118 104 120 131 114 108 91 90 84 62 98 119 45808.8
407 122 435 106 119 104 121 132 113 108 91 90 84 63 99 120 46129.1
397 122 399 107 118 104 121 131 113 108 91 90 84 63 98 119 46556.8
387 122 397 106 119 104 121 131 113 108 91 90 85 63 99 119 46650.6
384 122 413 106 119 105 121 131 113 108 91 90 84 63 98 120 46867.1
385 122 422 106 119 105 120 131 114 109 92 90 85 63 99 120 46948.8
383 122 421 106 119 104 121 131 113 109 91 89 85 63 99 119 47009.7
391 122 399 107 119 104 121 132 114 109 92 90 84 63 99 119 47961.5
403 122 413 106 119 105 121 131 114 109 91 90 85 63 99 120 48124
386 122 422 107 119 105 121 131 114 108 91 90 85 63 99 119 48373.9
383 122 417 107 119 104 121 131 114 109 91 90 85 63 98 119 48922.4
402 122 424 107 119 104 121 132 113 108 92 90 84 63 99 119 49023.8
393 122 420 107 119 105 121 132 114 109 91 90 85 63 99 120 49455.3
410 122 437 107 119 105 120 131 114 109 91 90 84 63 99 119 49636.8
391 121 432 105 118 104 118 129 112 108 90 89 82 62 97 118 49637.1
391 122 431 107 120 104 121 132 114 108 92 90 85 63 99 119 49694.7
397 122 433 106 119 105 121 131 114 109 91 90 85 63 99 119 49797.4
436 123 444 108 120 105 123 133 114 109 91 90 87 64 100 120 49797.7
384 122 428 107 119 104 120 132 113 109 91 90 84 62 99 119 49839
407 122 433 107 119 104 121 132 113 108 92 90 85 63 99 119 50222.2
406 122 405 106 119 105 122 132 114 108 92 91 85 63 99 120 50241.8
395 122 414 106 119 105 121 132 114 108 91 90 84 63 99 120 50413.5
399 121 418 107 119 104 121 132 113 109 92 90 84 63 99 119 50973.3
392 122 404 106 118 103 121 132 113 107 91 90 84 63 98 119 51392.9
392 122 436 107 119 104 121 132 113 108 91 90 85 64 99 120 51499.4
402 123 409 108 120 106 122 132 115 109 92 91 86 64 100 121 52228.4
368 122 411 107 119 105 121 132 113 108 91 90 84 63 99 119 52337.1
438 122 461 106 119 104 120 131 113 108 91 90 84 63 99 119 52746.6
409 121 408 107 119 105 120 132 115 109 91 90 85 63 99 119 52746.9
410 122 418 106 118 104 120 132 113 108 91 90 84 63 99 119 52782.1
400 121 426 105 118 103 119 131 113 108 91 89 83 62 98 119 52912.6
413 122 427 107 120 105 121 131 114 109 92 90 85 63 99 120 52989.1
409 122 414 107 119 105 121 132 113 109 91 90 85 63 98 120 54001.7
391 122 428 106 120 105 121 132 113 108 91 89 85 63 99 119 54022.2
382 122 401 106 119 104 121 132 113 108 91 89 85 63 99 120 54129.1
408 123 452 107 121 105 122 132 115 110 93 90 86 64 99 121 54129.4
387 122 415 107 119 105 121 131 114 109 91 90 85 64 98 120 54181.3
405 122 432 107 119 104 121 132 113 109 91 90 84 63 99 119 54732.3
396 123 407 106 119 105 121 131 114 109 92 90 85 63 99 120 54751.3
383 121 423 107 119 104 121 131 113 108 91 90 85 63 98 119 54803.1
405 122 412 107 119 105 121 132 113 109 92 90 84 64 98 120 55324.7
399 122 421 107 119 104 120 131 113 109 91 90 84 64 99 119 56455.5
408 122 436 107 119 104 121 132 113 108 91 90 84 62 98 120 56891
381 123 427 108 120 106 121 133 115 109 92 91 86 64 100 120 57194
399 122 422 106 118 105 121 131 113 109 91 90 84 63 98 119 57711.5
396 122 418 107 119 104 121 132 114 108 91 90 85 63 98 120 57807.1
405 122 415 107 119 104 121 131 114 109 92 90 85 63 99 119 58307.9
409 123 443 107 120 104 122 132 115 109 93 91 85 63 99 119 58308.2
404 121 411 106 119 105 121 131 113 108 91 90 85 63 99 120 58618.7
419 122 460 105 118 104 120 130 114 108 93 90 84 63 98 119 58619
409 122 423 106 119 104 121 132 113 108 91 90 85 63 99 119 59062
419 123 420 106 120 105 123 131 110 109 92 90 84 63 98 119 59062.4
395 122 418 107 119 105 121 132 113 109 91 90 85 63 99 119 59121.3
387 122 425 107 119 104 121 132 114 109 92 90 85 64 99 120 59752.5
421 122 430 106 118 104 120 131 113 108 92 90 84 63 99 119 59790.9
391 122 398 106 119 105 121 131 114 108 92 90 85 63 98 120 59892
