ch0 ch8 ch1 ch9 ch2 ch10 ch3 ch11 ch4 ch12 ch5 ch13 ch6 ch14 ch7 ch15 time
3185 122 3614 107 122 105 122 132 114 109 92 90 85 63 99 120 768.645
2217 122 2144 107 122 104 122 132 114 108 92 90 85 63 99 119 2072.51
2424 122 2596 107 121 104 121 131 113 108 92 90 84 63 99 119 2112.05
3088 122 2428 107 121 104 121 132 113 109 92 90 85 63 99 119 2775.8
2916 123 1990 108 122 105 122 133 115 109 93 91 86 64 100 121 4440.67
2625 123 2526 107 122 106 122 132 114 110 92 91 85 64 99 120 4568.94
3118 123 2334 107 122 105 122 132 114 109 92 90 85 63 98 119 4853.42
2116 122 2386 107 121 105 122 132 114 109 92 90 85 63 99 120 5077.83
2809 122 2568 107 122 105 121 131 114 109 92 91 85 64 100 119 5735.43
3121 122 3010 107 122 104 121 132 114 109 92 90 85 63 99 119 6089.73
3234 122 3339 107 123 105 122 131 114 109 92 90 85 63 99 119 6760.35
3158 121 3566 107 122 105 121 131 114 109 92 90 85 63 98 119 6982.09
2320 123 2270 107 121 105 121 132 114 109 92 91 85 64 99 120 7057.1
2617 122 2183 107 121 104 121 131 113 108 92 90 85 63 98 120 7276.83
1855 122 2710 107 122 105 121 131 113 108 92 90 85 63 99 120 8110.85
2054 122 2641 107 122 104 122 132 114 108 92 90 85 63 98 119 8491.35
2772 122 2225 107 122 105 122 131 114 109 92 90 85 63 99 120 8544.11
2122 122 2757 107 122 104 121 132 114 109 92 90 85 64 99 120 9611.25
2237 122 2443 107 121 105 121 131 114 109 91 90 84 63 99 119 9806.75
2601 122 2286 106 121 104 121 131 113 108 91 90 85 63 99 119 10000.4
3735 122 2713 107 122 105 121 132 114 109 92 90 85 64 99 120 10598.5
2896 122 2850 107 122 105 122 132 114 108 92 90 85 63 98 120 11302.9
3229 122 9999 106 123 105 122 132 113 108 91 90 85 63 99 120 12157.8
2300 122 2068 106 122 105 121 131 114 109 92 90 84 63 99 120 12762.5
2481 122 2562 107 121 105 121 132 113 109 91 90 85 63 99 119 14313.8
2081 123 2762 106 122 105 122 131 114 109 92 90 85 63 99 119 14527.7
2733 123 2490 106 122 104 121 131 113 109 91 90 85 63 99 120 15283.2
1986 122 2500 107 122 104 121 131 114 109 91 89 85 63 98 120 15622.5
3203 122 2406 107 122 104 121 131 114 109 92 90 85 63 99 119 15713.3
2673 122 2612 107 122 105 121 131 114 108 92 90 84 63 99 120 15728.5
2279 122 2619 107 122 105 122 131 114 109 92 90 85 63 99 120 16432.7
2423 122 2245 107 122 105 121 131 113 109 92 90 85 63 99 120 16625.4
2935 122 2510 107 122 105 122 132 114 109 92 91 86 63 99 120 16800.2
2174 122 2447 107 121 105 121 132 114 109 92 90 85 63 98 120 16823.3
3149 122 2466 106 121 105 121 132 113 109 91 90 85 63 99 119 18360.1
1645 122 2514 107 121 104 121 132 113 109 91 90 84 63 99 120 18439.5
2005 123 2367 107 122 105 121 132 114 109 92 90 85 63 99 119 18990.8
2460 122 2419 107 122 104 122 132 113 109 92 90 84 63 98 120 19018.3
2012 122 2353 107 121 105 122 132 114 109 91 90 85 63 99 120 20381
3090 122 3253 107 122 105 122 131 113 109 92 91 84 63 99 120 21504.4
2280 122 1717 107 121 104 121 132 114 109 91 89 84 63 99 119 21862.6
1426 121 3020 107 122 105 121 132 114 108 91 90 85 63 99 119 22445.8
2586 122 2292 107 121 104 121 132 114 109 91 90 85 63 99 120 23261.9
2429 122 1607 107 121 105 122 132 113 108 92 89 85 64 99 120 23917.9
2349 122 2579 107 122 105 122 132 114 109 92 90 85 63 100 120 24079.2
2213 122 2704 107 122 105 121 132 114 109 92 90 85 63 99 120 24543.8
1383 123 2556 107 122 106 122 133 114 110 93 91 86 64 100 121 25166.2
2306 122 2063 107 122 105 122 132 114 109 92 90 86 64 99 120 27333.5
2298 122 2651 107 121 105 122 132 114 109 92 90 85 63 99 120 27552.4
2374 122 2230 107 121 104 121 132 114 109 91 90 85 63 99 119 27916.4
2984 123 3207 107 122 105 121 133 114 109 92 90 85 64 99 120 28212
2114 122 2455 107 122 105 121 132 114 108 92 90 85 63 99 120 28716.3
2094 122 2374 107 122 105 121 131 114 109 91 90 84 63 99 120 29493.6
2740 122 2258 107 122 104 121 132 114 108 92 90 85 64 99 120 30261.1
2224 122 2485 106 121 105 121 132 113 109 91 90 84 63 99 119 30807.1
2138 122 2421 107 122 105 121 132 114 109 92 90 85 63 99 119 30997.1
2166 122 2977 107 122 104 121 132 114 109 92 90 85 63 99 119 31097.5
2975 123 1896 108 123 106 123 132 115 110 93 91 86 64 100 121 32670.4
2456 122 2421 107 122 105 121 131 114 108 92 90 85 63 99 120 34266.3
2168 122 3477 107 123 105 121 132 115 109 92 91 86 63 99 120 35334.2
2117 122 3033 107 122 104 121 132 113 109 92 90 85 63 99 119 35591.6
3864 123 2483 107 122 105 122 133 114 109 92 91 85 63 99 120 35983.6
2199 122 2329 107 121 104 121 131 114 109 92 90 85 63 99 119 36068.3
2395 122 2586 107 122 105 121 132 114 109 92 90 85 63 99 120 36089.2
9999 122 3219 108 123 105 122 133 114 110 92 91 85 64 99 120 36629.1
2350 123 2732 107 121 105 121 132 113 108 92 90 84 63 98 120 36631.5
3632 124 1662 108 124 107 123 133 115 111 93 92 86 65 100 121 36711.1
3274 123 9999 107 123 105 122 133 114 109 91 90 85 63 99 119 38410.9
3343 123 2092 107 122 105 121 132 114 108 92 90 85 63 98 120 39370.9
2176 122 3527 107 122 104 121 132 113 108 91 90 84 63 99 120 39723.7
3008 123 2343 107 121 105 121 132 113 108 91 90 85 63 99 120 40338.7
1675 122 2303 107 121 105 122 132 114 109 92 90 85 64 99 120 40425.1
2961 122 2529 107 122 104 122 132 114 109 92 91 85 63 99 119 40435
1537 122 2679 107 122 104 121 132 113 109 92 90 84 64 99 119 40704.4
2982 122 3561 107 123 105 122 132 114 109 93 90 85 64 99 120 41057.5
3128 122 2457 107 121 104 121 132 114 108 92 90 84 63 98 120 41211.3
2772 122 2910 106 122 105 121 132 113 109 92 90 85 63 99 120 42812.9
2222 122 1788 108 121 104 121 132 113 109 92 90 85 63 99 119 43304.3
3230 122 2883 107 122 105 121 132 114 109 92 90 84 63 99 120 43432.7
2197 122 2334 107 121 105 121 132 114 109 91 90 84 63 99 120 44010.4
2170 122 2338 108 121 104 121 132 113 109 92 90 85 63 99 120 44402.3
2021 122 3463 107 122 104 121 132 113 109 91 90 85 64 99 119 45569.1
2484 122 2478 107 122 105 122 132 114 109 92 90 85 63 99 120 45856.8
1870 122 2268 108 122 104 122 132 114 109 92 91 86 64 100 120 46329
3076 123 1806 107 122 105 121 132 114 109 92 90 84 64 99 120 47043.7
2586 122 9999 107 124 105 122 131 114 109 92 90 85 63 99 120 47127.2
1934 122 2383 107 121 105 121 131 114 109 92 90 85 63 99 120 47240.5
9999 122 2442 107 122 105 121 131 113 110 92 90 84 64 98 120 47593.2
3584 123 1968 107 122 105 121 132 114 109 92 90 85 64 99 120 47900.3
2979 123 2176 107 122 105 121 132 114 109 92 91 85 63 99 120 49964.4
2130 122 2276 107 122 105 121 132 113 109 91 90 85 63 99 120 51092.8
2997 122 2771 107 122 104 122 132 114 109 92 90 85 64 99 120 51183.9
2246 123 2523 108 122 105 122 132 114 110 91 90 85 63 99 120 51280.5
2436 122 2310 107 122 105 121 132 114 109 92 91 86 63 99 120 51760.4
2445 122 1716 107 121 105 121 132 114 109 92 91 85 63 99 120 52286
2019 123 2391 107 122 105 121 132 114 109 92 90 85 64 98 120 52632.9
2637 122 2458 107 122 105 121 132 113 109 92 90 85 63 99 120 52873.2
2488 123 2607 107 122 105 122 132 114 110 92 91 85 63 99 120 53141.2
2811 123 2816 107 123 105 123 132 115 109 92 91 85 63 100 120 53719.9
2464 122 2546 107 122 105 121 132 114 109 92 91 85 63 99 120 54242.7
2263 122 2579 107 121 105 121 132 113 109 92 91 84 63 99 120 54722.4
2366 122 2620 107 122 105 122 132 114 109 92 90 85 63 99 119 54976.6
2928 122 2673 106 121 104 121 132 113 109 91 90 84 63 99 119 55036.6
2319 122 1787 107 121 105 121 132 113 109 92 90 85 63 99 120 55055.3
2042 122 2659 107 122 105 122 132 114 110 92 90 85 64 99 120 55357.3
2460 122 2518 108 122 105 122 132 114 110 92 90 85 64 99 120 55469
2855 122 2451 106 121 104 121 131 114 108 91 90 85 63 99 119 55704.4
2769 122 2350 107 122 105 121 132 114 109 92 91 85 64 99 120 55890.6
3168 123 3027 108 123 105 122 132 114 110 93 91 85 64 100 120 57741
